0     
0     
0     
0     
0     
0     
0     
0     
0     
0     
0     
0     
0     
0     
0     
0     
0     
0     
0     
0     
0     
0     
0     
0     
0     
0     
0     
0     
0     
0     
0     
0     
0     
0     
0     
0     
0     
0     
0     
0     
0     
1     
0     
-3    
-3    
-4    
0     
3     
0     
0     
0     
-1    
-2    
-1    
-1    
1     
1     
-2    
1     
5     
-2    
-2    
2     
3     
0     
0     
-2    
-3    
-1    
0     
0     
2     
1     
2     
2     
2     
0     
3     
1     
0     
0     
-2    
1     
1     
2     
-1    
1     
2     
-1    
0     
1     
0     
0     
1     
2     
1     
-2    
-1    
3     
2     
-1    
-1    
1     
0     
-1    
-1    
1     
0     
2     
1     
0     
1     
2     
0     
1     
-1    
-2    
1     
1     
3     
1     
2     
3     
0     
-2    
-2    
-2    
-2    
-2    
-1    
0     
0     
-1    
1     
0     
1     
-1    
0     
1     
2     
1     
-1    
0     
-1    
0     
3     
3     
1     
1     
-2    
-2    
1     
-1    
-2    
2     
1     
-2    
-3    
-3    
-2    
-1    
2     
1     
-1    
1     
2     
2     
-1    
2     
2     
-2    
-2    
2     
-1    
-2    
3     
-1    
-5    
-2    
2     
3     
-1    
-1    
2     
4     
2     
-1    
-2    
0     
0     
0     
2     
0     
0     
-1    
1     
1     
1     
3     
3     
1     
0     
0     
0     
-4    
-6    
-4    
-2    
1     
1     
1     
0     
0     
-1    
-1    
0     
-1    
1     
3     
0     
-2    
-2    
0     
0     
-1    
-1    
2     
2     
-1    
-2    
-2    
-1    
1     
2     
4     
4     
1     
0     
0     
1     
0     
-2    
0     
-1    
0     
0     
2     
3     
-1    
2     
5     
-1    
-1    
1     
2     
1     
0     
0     
-1    
-1    
-1    
1     
0     
-1    
2     
-1    
-2    
1     
1     
0     
2     
-2    
0     
0     
0     
1     
3     
3     
1     
0     
0     
0     
-2    
1     
4     
1     
-2    
-1    
1     
1     
0     
-2    
1     
3     
4     
1     
0     
2     
-1    
0     
-2    
-2    
1     
1     
0     
-2    
1     
0     
-2    
-1    
1     
1     
-1    
-1    
-2    
-1    
0     
-3    
-1    
2     
1     
-3    
-3    
1     
0     
-1    
-2    
-2    
-1    
6     
96    
-129  
-757  
-92   
1069  
810   
-353  
-1019 
-805  
-395  
-291  
-257  
-12   
242   
185   
-125  
-394  
-415  
-217  
12    
93    
77    
121   
162   
24    
-147  
11    
307   
125   
-428  
-438  
279   
590   
-184  
-937  
-441  
587   
549   
-458  
-878  
-188  
534   
582   
457   
456   
50    
-772  
-1063 
-428  
286   
407   
370   
586   
560   
-26   
-460  
-159  
314   
272   
62    
265   
543   
278   
-225  
-256  
61    
92    
-149  
-127  
124   
66    
-364  
-616  
-422  
-107  
94    
290   
488   
398   
-118  
-731  
-1017 
-889  
-581  
-330  
-176  
-17   
169   
281   
351   
631   
1123  
1264  
647   
-136  
-112  
633   
930   
201   
-668  
-678  
-99   
142   
-155  
-423  
-344  
-161  
-76   
-18   
52    
26    
-58   
-64   
-76   
-281  
-572  
-583  
-222  
179   
356   
396   
384   
84    
-642  
-1300 
-1148 
-261  
261   
-344  
-1310 
-1221 
58    
1103  
786   
-339  
-972  
-772  
-393  
-281  
-226  
-10   
197   
156   
-89   
-326  
-372  
-185  
49    
84    
-11   
17    
136   
61    
-97   
66    
371   
148   
-494  
-523  
290   
672   
-172  
-1030 
-513  
621   
612   
-475  
-943  
-209  
563   
602   
448   
452   
70    
-754  
-1063 
-428  
291   
398   
337   
546   
541   
-12   
-438  
-158  
295   
249   
33    
203   
444   
208   
-191  
-144  
120   
18    
-289  
-209  
137   
74    
-438  
-748  
-525  
-130  
122   
331   
523   
422   
-116  
-771  
-1077 
-931  
-595  
-336  
-185  
-21   
178   
287   
344   
614   
1088  
1216  
621   
-125  
-106  
579   
843   
188   
-586  
-594  
-88   
115   
-126  
-316  
-218  
-77   
-34   
15    
75    
33    
-68   
-89   
-122  
-355  
-670  
-673  
-265  
196   
406   
436   
398   
88    
-657  
-1352 
-1201 
-278  
270   
-339  
-1321 
-1224 
62    
1083  
759   
-325  
-918  
-727  
-380  
-263  
-188  
0     
153   
131   
-50   
-260  
-326  
-145  
90    
78    
-98   
-83   
105   
95    
-51   
116   
429   
167   
-558  
-603  
292   
685   
-34   
-538  
-943  
-1296 
-647  
509   
781   
148   
-91   
447   
627   
-221  
-1160 
-1052 
-157  
441   
293   
-72   
103   
984   
1799  
1514  
187   
-830  
-631  
-30   
-121  
-449  
-4    
732   
483   
-475  
-698  
-122  
-57   
-543  
-122  
1327  
1876  
636   
-735  
-784  
-393  
-692  
-855  
43    
797   
-64   
-1484 
-1349 
106   
723   
-150  
-992  
-799  
-286  
-122  
54    
344   
60    
-797  
-1019 
23    
1224  
1264  
427   
-86   
95    
342   
224   
-14   
-104  
-140  
-295  
-472  
-392  
51    
525   
443   
-364  
-1211 
-1170 
-232  
554   
379   
-327  
-599  
-296  
-87   
-296  
-390  
85    
653   
582   
20    
-187  
216   
461   
-78   
-891  
-1032 
-507  
-263  
-786  
-1366 
-1044 
102   
1050  
1127  
696   
470   
512   
387   
109   
224   
879   
1364  
1042  
324   
-47   
-147  
-466  
-726  
-155  
1056  
1778  
1627  
1452  
1650  
1399  
335   
-365  
268   
1258  
1106  
155   
-140  
277   
129   
-791  
-1165 
-378  
445   
308   
-214  
-201  
159   
247   
232   
572   
980   
807   
109   
-535  
-861  
-896  
-463  
412   
991   
579   
-307  
-447  
329   
841   
280   
-634  
-767  
-219  
37    
-217  
-189  
478   
998   
647   
-82   
-234  
186   
437   
286   
188   
244   
69    
-324  
-406  
-94   
27    
-222  
-204  
374   
808   
540   
114   
252   
640   
535   
86    
84    
675   
1121  
799   
-111  
-883  
-800  
196   
1149  
897   
-347  
-975  
-67   
1328  
1660  
889   
154   
22    
235   
565   
861   
640   
-229  
-867  
-513  
102   
-243  
-1177 
-1125 
227   
1315  
925   
-305  
-1070 
-1008 
-569  
-149  
15    
-220  
-597  
-551  
54    
667   
761   
446   
73    
-224  
-423  
-418  
-135  
302   
663   
712   
381   
-11   
35    
502   
702   
259   
-298  
-397  
-340  
-625  
-889  
-465  
311   
490   
74    
-16   
444   
564   
-219  
-1160 
-1182 
-298  
488   
401   
-211  
-268  
708   
1758  
1508  
78    
-933  
-681  
-149  
-296  
-435  
292   
1040  
557   
-554  
-609  
-2    
-586  
-1011 
254   
1525  
1215  
143   
16    
733   
756   
-233  
-854  
-256  
678   
827   
283   
-184  
-208  
134   
586   
703   
255   
-237  
-125  
233   
-108  
-1003 
-1185 
-246  
545   
93    
-917  
-1096 
-334  
280   
21    
-784  
-1381 
-1266 
-439  
470   
607   
-109  
-643  
-30   
1285  
1873  
1118  
19    
-107  
659   
951   
-23   
-1333 
-1558 
-772  
-312  
-630  
-548  
717   
1952  
1516  
-167  
-1107 
-470  
657   
1109  
933   
527   
-179  
-1049 
-1260 
-412  
637   
800   
150   
-352  
-225  
115   
145   
-127  
-325  
-184  
114   
157   
-144  
-313  
84    
705   
783   
200   
-292  
-94   
487   
706   
258   
-510  
-1005 
-919  
-486  
-222  
-258  
-160  
281   
510   
18    
-654  
-558  
203   
599   
252   
-153  
-179  
-257  
-664  
-794  
-200  
438   
253   
-423  
-540  
126   
794   
875   
505   
-43   
-682  
-1076 
-682  
415   
1278  
1214  
646   
395   
440   
106   
-655  
-1026 
-526  
240   
465   
236   
175   
362   
368   
141   
111   
376   
482   
172   
-220  
-270  
115   
885   
1835  
2348  
1846  
716   
26    
130   
294   
64    
59    
848   
1820  
2011  
1439  
808   
391   
17    
-172  
101   
549   
623   
337   
188   
276   
251   
54    
26    
258   
356   
38    
-480  
-761  
-551  
22    
540   
698   
626   
598   
441   
-185  
-964  
-1106 
-504  
44    
103   
159   
492   
540   
52    
-161  
448   
998   
475   
-574  
-899  
-421  
58    
386   
897   
1139  
381   
-748  
-794  
273   
815   
-15   
-1067 
-1053 
-376  
-192  
-604  
-764  
-291  
289   
380   
28    
-178  
213   
922   
1102  
375   
-524  
-624  
-41   
228   
-151  
-408  
-19   
375   
-54   
-961  
-1201 
-372  
606   
640   
-211  
-900  
-762  
-220  
78    
299   
848   
1195  
453   
-880  
-1072 
387   
1740  
1375  
116   
-198  
443   
478   
-512  
-1124 
-421  
689   
917   
297   
-200  
-22   
559   
944   
723   
64    
-319  
-13   
368   
-61   
-1030 
-1325 
-528  
317   
94    
-691  
-585  
132   
117   
-527  
-694  
18    
887   
1200  
854   
131   
-474  
-450  
110   
448   
130   
-369  
-504  
-479  
-606  
-551  
42    
621   
371   
-449  
-705  
103   
1252  
1777  
1472  
771   
169   
-42   
104   
302   
338   
412   
854   
1454  
1490  
665   
-345  
-618  
-42   
608   
634   
93    
-507  
-841  
-867  
-603  
-146  
225   
210   
-214  
-709  
-797  
-180  
853   
1370  
674   
-605  
-1012 
-201  
464   
-27   
-632  
139   
1653  
1957  
828   
111   
703   
1207  
449   
-556  
-414  
373   
426   
-275  
-716  
-600  
-285  
377   
1575  
2404  
1747  
142   
-764  
-485  
-38   
-68   
-84   
214   
264   
-201  
-496  
-98   
491   
596   
342   
174   
58    
-237  
-447  
-124  
538   
755   
141   
-671  
-704  
78    
655   
334   
-214  
10    
571   
203   
-843  
-750  
918   
1948  
562   
-1670 
-1952 
-301  
728   
-14   
-1026 
-981  
-540  
-641  
-900  
-728  
-512  
-593  
-358  
534   
1104  
488   
-538  
-712  
-229  
-184  
-646  
-678  
-48   
476   
533   
623   
945   
920   
245   
-422  
-409  
88    
524   
764   
841   
471   
-450  
-1234 
-1066 
-101  
751   
960   
718   
299   
-210  
-482  
-104  
680   
1053  
799   
546   
597   
401   
-310  
-803  
-523  
-138  
-403  
-717  
-138  
836   
890   
-5    
-642  
-598  
-623  
-973  
-989  
-606  
-621  
-969  
-572  
464   
418   
-1191 
-2170 
-770  
1411  
1611  
-58   
-1034 
-259  
676   
425   
-213  
-58   
473   
266   
-582  
-940  
-305  
585   
783   
246   
-296  
-330  
-71   
88    
190   
458   
653   
334   
-244  
-326  
116   
312   
30    
-117  
61    
-116  
-717  
-590  
832   
2231  
2125  
914   
-24   
-354  
-568  
-538  
65    
569   
138   
-532  
-134  
940   
1092  
283   
203   
1340  
1978  
953   
-438  
-516  
230   
224   
-611  
-897  
-22   
1059  
1256  
570   
-287  
-698  
-484  
48    
341   
111   
-365  
-668  
-747  
-691  
-371  
247   
678   
371   
-398  
-658  
80    
1185  
1682  
1325  
675   
372   
211   
-536  
-824  
-168  
504   
466   
-59   
-131  
359   
435   
-80   
27    
1204  
1925  
975   
-415  
-319  
942   
1439  
605   
-259  
-214  
283   
594   
690   
481   
-330  
-1386 
-1689 
-884  
183   
541   
169   
-205  
-35   
489   
601   
-171  
-1263 
-1584 
-853  
79    
494   
548   
478   
93    
-380  
-88   
956   
1351  
389   
-509  
163   
1525  
1604  
398   
-337  
42    
385   
27    
-220  
195   
547   
151   
-522  
-812  
-850  
-931  
-752  
-85   
535   
501   
20    
-265  
-136  
90    
124   
13    
-39   
11    
-59   
-384  
-621  
-272  
461   
704   
169   
-308  
20    
678   
845   
706   
906   
1251  
992   
127   
-567  
-678  
-426  
-48   
224   
-31   
-766  
-1063 
-324  
622   
673   
194   
289   
829   
751   
-2    
-491  
-522  
-640  
-604  
289   
1366  
1090  
-289  
-852  
-175  
-26   
-1073 
-1400 
211   
1866  
1412  
-213  
-739  
-145  
34    
-158  
498   
1481  
944   
-942  
-1753 
-492  
861   
497   
-600  
-533  
611   
1318  
1035  
540   
428   
407   
43    
-597  
-937  
-384  
830   
1392  
318   
-1299 
-1298 
440   
1489  
360   
-1144 
-639  
1080  
1261  
-513  
-1707 
-719  
950   
1138  
-96   
-1116 
-1047 
-337  
294   
570   
657   
902   
1249  
1016  
-69   
-922  
-383  
737   
526   
-969  
-1480 
-41   
1424  
1100  
-29   
-255  
1     
-446  
-835  
227   
1783  
1629  
-66   
-967  
-331  
139   
-439  
-716  
231   
1176  
870   
-41   
-425  
-423  
-571  
-496  
175   
791   
722   
470   
652   
777   
189   
-644  
-833  
-387  
18    
51    
-237  
-760  
-1072 
-472  
838   
1580  
1086  
305   
287   
618   
378   
-177  
-156  
349   
447   
-3    
-286  
-99   
99    
19    
-46   
165   
444   
444   
144   
-166  
-109  
351   
700   
403   
-384  
-985  
-1090 
-927  
-569  
76    
616   
465   
-67   
-42   
523   
622   
153   
331   
1494  
2075  
963   
-512  
-423  
902   
1530  
803   
-101  
-212  
223   
665   
897   
630   
-356  
-1511 
-1799 
-987  
27    
345   
29    
-178  
75    
320   
78    
-320  
-269  
81    
-79   
-836  
-1166 
-430  
576   
780   
323   
46    
124   
148   
110   
258   
354   
142   
26    
275   
172   
-765  
-1355 
-335  
1206  
1185  
107   
620   
3023  
4125  
1935  
-1069 
-1428 
459   
1449  
373   
-1000 
-1180 
-662  
-326  
-133  
72    
13    
-288  
-297  
56    
189   
-47   
-37   
489   
852   
394   
-538  
-1041 
-766  
-194  
21    
-237  
-527  
-433  
-117  
-73   
-321  
-316  
188   
678   
596   
92    
-278  
-298  
-142  
11    
47    
-124  
-358  
-336  
-95   
-53   
-269  
-241  
206   
488   
169   
-257  
-66   
587   
937   
599   
-128  
-729  
-834  
-440  
-46   
-192  
-619  
-501  
316   
952   
762   
171   
-216  
-508  
-813  
-590  
392   
1189  
876   
27    
-104  
527   
862   
469   
26    
92    
343   
238   
-243  
-712  
-773  
-308  
248   
217   
-367  
-575  
65    
722   
537   
37    
223   
811   
744   
78    
-87   
479   
772   
377   
129   
516   
771   
290   
-172  
231   
932   
803   
-38   
-467  
-144  
115   
-186  
-510  
-327  
41    
131   
162   
433   
476   
-310  
-1414 
-1607 
-657  
298   
362   
-35   
-148  
-132  
-408  
-609  
-222  
219   
-150  
-908  
-840  
76    
556   
114   
-202  
276   
698   
284   
-257  
-4    
569   
510   
96    
246   
792   
754   
120   
-80   
511   
1000  
701   
100   
-38   
231   
282   
-142  
-671  
-768  
-288  
296   
330   
-178  
-444  
25    
635   
590   
149   
241   
950   
1312  
741   
-174  
-598  
-464  
-140  
292   
817   
1037  
586   
-165  
-423  
6     
440   
200   
-548  
-1030 
-733  
66    
674   
708   
393   
221   
351   
483   
294   
-75   
-174  
118   
388   
241   
-122  
-239  
-74   
-3    
-172  
-283  
-72   
332   
634   
670   
393   
-39   
-205  
127   
499   
296   
-243  
-311  
101   
55    
-714  
-1158 
-514  
474   
720   
336   
104   
135   
120   
178   
456   
522   
160   
28    
430   
390   
-638  
-1283 
-254  
1178  
1051  
284   
1591  
3709  
2475  
355   
-173  
133   
951   
881   
-508  
-1504 
-650  
1095  
1678  
687   
-386  
-296  
535   
973   
693   
207   
-181  
-605  
-958  
-804  
-193  
115   
-270  
-658  
-247  
632   
963   
489   
-152  
-544  
-843  
-1020 
-630  
302   
1004  
970   
593   
470   
606   
625   
370   
8     
-211  
-105  
230   
421   
268   
40    
-30   
-129  
-247  
218   
1390  
1997  
896   
-843  
-972  
784   
2255  
1872  
616   
151   
494   
606   
189   
-260  
-495  
-591  
-477  
-215  
-251  
-691  
-822  
-81   
922   
1123  
426   
-303  
-422  
-134  
-14   
-309  
-724  
-720  
-234  
139   
55    
154   
1007  
1777  
1183  
-308  
-867  
-79   
435   
-253  
-849  
-199  
551   
-170  
-1644 
-1909 
-704  
460   
707   
513   
207   
-457  
-1077 
-646  
774   
1711  
1161  
-69   
-540  
-35   
386   
-123  
-1117 
-1325 
-138  
1494  
2002  
1047  
-128  
-391  
-78   
-114  
-514  
-540  
47    
711   
978   
848   
498   
108   
-117  
-146  
-126  
23    
550   
1172  
1161  
560   
427   
1164  
1588  
721   
-482  
-522  
294   
526   
114   
362   
1372  
1531  
73    
-1558 
-1738 
-803  
-131  
-131  
-187  
-45   
-51   
-331  
-548  
-409  
63    
629   
896   
538   
-204  
-594  
-309  
84    
10    
-286  
-260  
27    
145   
103   
254   
561   
623   
417   
337   
521   
666   
553   
217   
-294  
-804  
-715  
291   
1300  
953   
-606  
-1579 
-903  
273   
388   
-240  
-274  
322   
380   
-328  
-700  
-221  
241   
29    
-324  
-266  
-92   
-90   
30    
209   
-249  
-1262 
-1511 
-395  
743   
579   
-179  
-97   
625   
786   
369   
284   
452   
4     
-872  
-1092 
-665  
-684  
-1195 
-1011 
43    
551   
-161  
-861  
-423  
486   
722   
412   
264   
222   
-66   
-305  
-147  
-18   
-310  
-405  
275   
1002  
750   
-54   
-131  
517   
535   
-544  
-1366 
-671  
834   
1396  
558   
-399  
-277  
597   
1074  
749   
153   
-289  
-683  
-1007 
-855  
-257  
14    
-438  
-856  
-397  
514   
816   
356   
-133  
-451  
-826  
-610  
71    
365   
341   
374   
477   
310   
-202  
-538  
-265  
142   
-146  
-978  
-1222 
-348  
773   
1123  
780   
423   
253   
62    
-136  
-203  
-220  
-216  
139   
1020  
1887  
1888  
782   
-714  
-1399 
-569  
1155  
2117  
1339  
-197  
-721  
-13   
506   
3     
-690  
-586  
32    
414   
523   
646   
633   
333   
105   
196   
203   
-175  
-480  
-263  
135   
193   
75    
142   
256   
138   
-57   
-204  
-585  
-1152 
-1128 
-126  
969   
1127  
541   
62    
-159  
-498  
-815  
-689  
-290  
-93   
-15   
267   
461   
156   
-191  
144   
823   
876   
299   
53    
449   
688   
293   
-69   
282   
942   
1043  
408   
-314  
-425  
147   
741   
486   
-666  
-1541 
-974  
628   
1697  
1485  
839   
724   
893   
598   
-63   
-329  
-46   
110   
-311  
-845  
-746  
48    
810   
799   
10    
-805  
-857  
-134  
577   
553   
-68   
-517  
-419  
-234  
-474  
-773  
-321  
872   
1653  
1113  
-195  
-969  
-804  
-394  
-284  
-241  
-34   
14    
-218  
-176  
406   
753   
221   
-316  
450   
2005  
2346  
834   
-715  
-639  
207   
97    
-735  
-678  
368   
785   
74    
-275  
559   
1222  
558   
-312  
20    
711   
236   
-676  
-191  
1218  
1223  
-433  
-1295 
-99   
1358  
1322  
628   
560   
447   
-628  
-1531 
-797  
644   
743   
-467  
-1197 
-872  
-595  
-873  
-954  
-499  
-99   
30    
291   
598   
469   
276   
849   
1814  
1851  
774   
-165  
-279  
-210  
-442  
-523  
-258  
-197  
-493  
-592  
-424  
-575  
-940  
-638  
242   
408   
-516  
-1171 
-646  
-16   
-468  
-1241 
-909  
193   
458   
-548  
-1524 
-1294 
-180  
628   
444   
-323  
-645  
-20   
810   
798   
56    
-318  
14    
180   
-280  
-492  
236   
1031  
688   
-408  
-789  
-71   
605   
292   
-554  
-910  
-492  
121   
363   
302   
324   
454   
294   
-234  
-543  
-198  
226   
-130  
-1013 
-1250 
-395  
665   
986   
669   
332   
191   
101   
9     
-96   
-271  
-308  
187   
1145  
1823  
1547  
285   
-784  
-266  
626   
609   
332   
126   
179   
421   
403   
-260  
-1266 
-1699 
-1027 
148   
756   
553   
292   
550   
848   
369   
-718  
-1216 
-383  
972   
1378  
512   
-535  
-711  
-108  
534   
826   
779   
429   
-89   
-368  
-97   
490   
894   
889   
510   
-105  
-599  
-551  
-76   
218   
163   
316   
847   
929   
62    
-779  
-379  
843   
1400  
901   
335   
294   
277   
-84   
-334  
-122  
153   
144   
184   
531   
787   
597   
239   
-23   
-552  
-1590 
-2345 
-1833 
-399  
445   
-112  
-1116 
-1137 
-172  
391   
-207  
-962  
-543  
673   
1038  
76    
-812  
-477  
358   
446   
-40   
-60   
429   
514   
-28   
-414  
-256  
-114  
-363  
-550  
-206  
441   
877   
927   
711   
405   
267   
444   
717   
725   
405   
-27   
-343  
-311  
220   
884   
892   
68    
-683  
-495  
364   
1060  
1282  
1069  
297   
-769  
-1191 
-610  
-75   
-431  
-826  
-183  
738   
558   
-215  
-41   
786   
553   
-610  
-617  
910   
1602  
120   
-1477 
-808  
1269  
2097  
996   
-374  
-706  
-291  
95    
91    
-338  
-910  
-1042 
-548  
-13   
67    
23    
211   
261   
-147  
-476  
-189  
294   
312   
41    
-41   
-186  
-780  
-1251 
-736  
342   
606   
-308  
-1206 
-993  
-72   
356   
-117  
-651  
-242  
994   
1809  
1280  
22    
-592  
-288  
-83   
-502  
-718  
-79   
647   
515   
1     
168   
788   
673   
-382  
-1341 
-1557 
-1356 
-955  
-81   
910   
885   
-322  
-1195 
-490  
911   
1217  
240   
-611  
-591  
-408  
-581  
-512  
191   
659   
94    
-703  
-434  
575   
834   
96    
-288  
332   
815   
190   
-708  
-707  
-239  
-394  
-852  
-401  
834   
1379  
722   
30    
146   
335   
-236  
-964  
-743  
275   
882   
501   
-205  
-322  
364   
1376  
2017  
1874  
1089  
258   
-102  
32    
321   
426   
276   
79    
138   
425   
437   
-227  
-1200 
-1594 
-1040 
-123  
385   
399   
404   
627   
686   
133   
-782  
-1144 
-398  
825   
1296  
613   
-367  
-663  
-247  
278   
571   
701   
483   
-415  
-1199 
-1275 
-931  
-316  
94    
-80   
-626  
-859  
-386  
310   
400   
-105  
-313  
96    
295   
-233  
-631  
-48   
830   
783   
3     
-335  
-80   
-50   
-305  
-79   
515   
407   
-526  
-1008 
-366  
478   
638   
523   
787   
1142  
1033  
633   
360   
189   
20    
21    
93    
-227  
-839  
-915  
-185  
469   
355   
-42   
-122  
-271  
-972  
-1546 
-987  
374   
1154  
751   
27    
57    
904   
1700  
1598  
608   
-394  
-612  
-186  
130   
39    
-68   
47    
107   
-67   
-333  
-731  
